0.0253997
0.011317
0.00691533
0.00648532
0.00416928
0.00400751
0.00631931
0.00712713
0.0112987
0.025913
0.0181322
0.00766687
0.00500521
0.0036006
0.00282179
0.00263153
0.00347528
0.00497413
0.00772243
0.0182052
0.00563062
0.00574907
0.00364754
0.00206615
0.00176127
0.00196153
0.00222547
0.00375438
0.00483488
0.00804778
0.00470294
0.00536706
0.00408505
0.00205675
0.00113509
0.00156999
0.00202447
0.00483388
0.00492307
0.00474627
0.00770519
0.00657006
0.004801
0.00141503
0.00122637
0.00143085
0.00122456
0.00504627
0.00468628
0.00389955
0.00687685
0.00530446
0.00641357
0.00170562
0.000462954
0.000179806
0.00134261
0.00526868
0.00566772
0.00405435
0
0.00520215
0.00682284
0.00161593
0
0
0.00104336
0.0066304
0.00599384
0.000269647
0.0060339
0.00597008
0.00746589
0.00071032
0
0.000457194
0.000706541
0.0059054
0.0061246
0.00575306
0
0.00159443
0.00710055
0
0
0
0.000831169
0.00448511
0.00696437
0.00209588
0.0413955
0.0043975
0.0058659
0.00168957
0.00186342
0
0.00132509
0.00371712
0.00777182
0.00219728
