0.405804
0.130588
0.121997
0.101372
0.086357
0.0893686
0.0945061
0.116601
0.134942
0.419567
0.304277
0.0903097
0.0786673
0.0639301
0.0615423
0.0656442
0.0730491
0.073368
0.104259
0.366543
0.341696
0.0377492
0.0761542
0.0322924
0.0603616
0.0429407
0.0452792
0.0604114
0.0477188
0.234681
0
0.0158224
0.000597388
0.0235651
0.0669843
0.0357004
0.0530697
0.0271787
0.0584711
0.257162
0
0.117272
0.0843625
0.0814853
0.0376962
0.00276514
0.120775
0.0745825
0
0
0
0.143594
0.0162289
0.0381484
0.0256269
0.067185
0.0986936
0
0.0512984
0.259858
0
0
0.114718
0
0.0912787
0
0.055188
0.183763
0
0.0784752
0
0
0.115732
0
0
0
0
0.153781
0
33.5635
72.6234
0.447001
0.385965
0
0
0.0771748
0
0
108.851
10.4846
30.3416
67.4104
1.72741
1.03891
0
0.201803
0.244106
0
0.409206
0
