0.121212
0.230089
0.125333
0.129883
0.156156
0.181818
0.141201
0.128171
0.253823
0.110429
0.0226415
0.145933
0.135389
0.104582
0.147846
0.133498
0.101202
0.122876
0.145455
0.033543
1
0.291667
0.0959596
0.123506
0.0780781
0.079646
0.103586
0.0867347
0.136364
0.4
0
0.304348
0.131313
0.115044
0.0429448
0.0885417
0.114754
0.142857
0.0434783
0
0
0.5
0.08
0.125
0.0843373
0.0888889
0.0724638
0.145833
0.142857
0
0
0
0.114286
0.190476
0.0689655
0.111111
0.275862
0.153846
0.2
0
0
0
0.230769
0.15
0.0714286
0.0526316
0.136364
0.227273
0
0
0
1
0
0.3
0.133333
0.294118
0.333333
0.0909091
3
0
0
0
0.2
0.166667
0.0909091
0
0
0.1
0.5
0
0
0
0
0.2
0.142857
0.333333
0.25
0
0
0
