0.18477
0.353538
0.198987
0.18591
0.214002
0.214407
0.1823
0.201961
0.37095
0.189591
0.056128
0.333498
0.216918
0.192498
0.307802
0.285674
0.187878
0.209768
0.337841
0.0554491
0.851213
0.893904
0.385346
0.371393
0.302073
0.340681
0.377405
0.412788
0.739593
1.69161
0.682983
0.887531
0.313482
0.328615
0.148272
0.215756
0.341003
0.352145
0.801825
1.08795
1.21583
1.13028
0.362855
0.235649
0.152733
0.20446
0.223151
0.387412
0.690602
0.527927
5.612
1.51366
0.434892
0.409474
0.0633145
0.028169
0.234708
0.321048
1.43874
0
0
1.17408
0.488101
0.258295
0
0
0.171559
0.443471
0.98994
0
0
1.23336
0.465261
0.123784
0
0.0549196
0.123545
0.420053
0.794941
0
27.2211
0.376574
0.402603
0
0
0
0.124187
0.281301
2.23372
0
4.46861
0.830135
0.316566
0.202476
0.183128
0
0.156958
0.160599
0.86665
0.219886
