0.0259143
0.0111795
0.00776892
0.00685508
0.00455278
0.00442614
0.00697316
0.00807334
0.0110737
0.0278989
0.0179802
0.00750639
0.00529119
0.00363561
0.00282739
0.00275132
0.0035772
0.00531437
0.0074521
0.0171467
0.00573994
0.00548413
0.00336548
0.00197959
0.00198077
0.00209484
0.00212353
0.00388322
0.00438293
0.00863336
0.00536432
0.00444204
0.00417916
0.00213829
0.00149311
0.00152347
0.00177877
0.00431085
0.00571449
0.00466742
0.0111581
0.00664866
0.00469793
0.00146676
0.00102194
0.00141602
0.00101923
0.00463973
0.0048799
0.00374084
0.00956462
0.00546862
0.00729423
0.00105329
0.000329564
0.000819071
0.00128731
0.00609885
0.00642906
0.0043577
0
0.00538419
0.00624884
0.00211763
0.000284915
0
4.41633e-05
0.00647213
0.00496152
0
0.0143439
0.00527112
0.00913468
0.000837415
7.46832e-05
7.90474e-05
0.00140224
0.00729835
0.00541743
0.000910431
0
0.00341838
0.00745922
0
0
0
0.00177311
0.00262663
0.00540858
0.00115378
0
0.00305064
0.00649374
0.00096455
0
0.000796705
0.00101667
0.00595733
0.00490118
0.0252606
