0.189189
0.0471869
0.0406279
0.0193721
0.0231405
0.0150838
0.0293725
0.0356816
0.056314
0.217391
0.162602
0.0330673
0.0191358
0.0151707
0.0141721
0.0139489
0.0103434
0.0240964
0.0381944
0.142857
0.133333
0.0183486
0.0311573
0.0117878
0.0116448
0.012549
0.00867052
0.019697
0.028481
0.1
0.0909091
0.0263158
0.01
0.00992064
0.00627944
0.0126984
0.0125
0.00630915
0.0458015
0.1
0.222222
0.0153846
0.0191083
0.0248227
0.00970874
0.0205479
0.0204082
0.0205479
0.0677966
0.142857
0
0.0344828
0.0410959
0.0227273
0.0197368
0.010582
0.0522388
0.0617284
0.025641
0.2
0
0
0.0238095
0.0724638
0.025
0.0333333
0.028169
0
0.1
0.5
0
0.111111
0
0.119048
0.0895522
0.0327869
0
0.157895
0
0
0
0
0.0625
0.0434783
0.125
0.0384615
0.0344828
0.4
0
0
0
0
0.285714
0.1
0
0
0.133333
0.5
0
0
