0.18769
0.0469223
0.0402589
0.019049
0.022835
0.0149068
0.0291794
0.035708
0.0559064
0.217269
0.159432
0.0321864
0.0184458
0.0146388
0.0136517
0.0135356
0.00969154
0.0232014
0.0371136
0.140468
0.127601
0.0168877
0.0301558
0.010669
0.0104319
0.0113279
0.00765389
0.0184011
0.0270582
0.0965407
0.0771854
0.0211777
0.00811146
0.00806999
0.00410298
0.0111518
0.0105806
0.0038972
0.0431824
0.100406
0.209237
0.0117523
0.0168126
0.0224597
0.00622659
0.0178351
0.0178416
0.0186629
0.0613137
0.107223
-0.0137771
0.0219363
0.0391066
0.0182038
0.0159458
0.00755577
0.0492744
0.0561965
0.0214719
0.195228
-0.00306345
-0.00742582
0.0153782
0.0700395
0.0203738
0.0289445
0.0256745
-0.00729686
0.0784405
0.490841
-0.0455446
0.0991343
-0.0105046
0.115752
0.0847291
0.0282445
-0.00333514
0.148676
-0.0335934
0.00335475
1.0065
-1.03715e-05
0.0513288
0.0300551
0.110646
0.0266397
0.0313987
0.386784
-0.101277
-0.0274798
0
-0.0030589
0.275883
0.0850342
-0.00917039
-0.00644338
0.120783
0.497692
-0.0273599
0
