0.0108565
0.00441029
0.00267754
0.0029916
0.00237982
0.00276697
0.003021
0.00266802
0.00459903
0.0129546
0.00655845
0.00281724
0.00225101
0.00177709
0.00213853
0.00177571
0.00170479
0.00207953
0.00298796
0.00980493
0.00319737
0.00270544
0.0012314
0.001556
0.00117595
0.00129637
0.00138576
0.00101321
0.00124897
0.00340087
-0.000204679
0.00201996
0.00179256
0.00122952
0.000637927
0.0013869
0.00150483
0.00239369
-0.000165565
-7.40067e-05
-0.000253262
0.00194374
0.00102385
0.000797536
0.00120962
0.001364
0.000696928
0.00178981
0.000781338
-0.000122291
9.23224e-05
-0.000257678
0.00173329
0.00116087
0.000380787
0.00104814
0.00262257
0.00121011
0.000628365
-0.000314864
0
-0.000248039
0.00194163
0.00146473
0.000802818
0.000223656
0.00140265
0.00320964
-0.000155767
0.000139477
0
0.00155623
-0.000225692
0.00209651
0.00105263
0.00320107
0.00133513
0.000917229
0.00525474
0
0
-6.93151e-05
0.00113218
0.000813817
0.000746092
-0.000237362
-8.38704e-05
0.00121001
0.00238741
0.000255411
0.000398884
-0.000114278
-0.000212411
0.00127626
-0.000160285
0.00363132
0.00142089
-0.000287082
-4.08896e-07
-0.00159404
