0.824753
0.244496
0.208892
0.16944
0.14872
0.145323
0.161291
0.199112
0.240196
0.835679
0.744769
0.175967
0.145832
0.125139
0.107575
0.117034
0.110387
0.134662
0.199279
0.794055
1.06077
0.0779716
0.154516
0.0723253
0.104892
0.0720754
0.0906688
0.119541
0.0995765
0.484338
0
0.0305759
0.00119049
0.0489735
0.117558
0.0550476
0.104958
0.0538413
0.139842
0.778182
0
0.208051
0.18407
0.184457
0.0714087
0.00562233
0.299435
0.166515
0
17.3147
0
0.189824
0.0319608
0.0777133
0.0799427
0.151059
0.26195
0
0.130012
0.505654
0
0
0.390044
0
0.155557
0
0.10759
0.441724
0
0.153554
11.2664
0
0.173741
0
0
0
0
0.339278
0
73.7123
145.414
0.914481
0.509555
0
0
0.153337
0
0
292.521
14.1928
33.0661
80.5691
2.58138
1.96123
0
0.621191
0.752205
67.3553
0
0
