0.187239
0.0468429
0.040148
0.0189518
0.0227432
0.0148536
0.0291214
0.0357162
0.0557838
0.217233
0.158479
0.0319214
0.0182384
0.0144789
0.0134952
0.0134113
0.00949552
0.0229324
0.0367885
0.139749
0.125882
0.0164487
0.0298548
0.0103325
0.0100672
0.0109608
0.00734821
0.0180115
0.0266303
0.0955001
0.0730705
0.0196339
0.00754341
0.00751347
0.00344837
0.0106867
0.0100032
0.00317165
0.0423943
0.100529
0.205336
0.0106596
0.0161219
0.021749
0.00517924
0.0170188
0.0170691
0.0180953
0.0593617
0.0964222
-0.0179102
0.0181615
0.0385071
0.0168431
0.0148051
0.00664543
0.0483826
0.0545339
0.0202173
0.19379
-0.00398615
-0.00966521
0.0128365
0.0693092
0.0189807
0.0276231
0.0249231
-0.00949365
0.0719262
0.488093
-0.0592079
0.0955316
-0.0136673
0.114758
0.0832772
0.026875
-0.00434076
0.145889
-0.0437115
0.00335468
1.0065
-1.34904e-05
0.0479549
0.0260156
0.106314
0.0230719
0.0304708
0.3828
-0.132025
-0.0357237
0
-0.00398392
0.272888
0.0805068
-0.0119413
-0.00837982
0.117006
0.496995
-0.0355189
0
