0.0892653
0.208093
0.123646
0.135006
0.148416
0.184738
0.147576
0.131792
0.22384
0.109052
0.0222834
0.156434
0.135744
0.118954
0.168975
0.14829
0.111047
0.130771
0.151241
0.0347321
-49.849
0.299802
0.106241
0.149986
0.0777041
0.0859219
0.128833
0.0891663
0.139947
0.397008
-0.0123567
0.509714
0.122588
0.116542
0.0404463
0.0961521
0.133827
0.146373
0.0252087
-0.0100385
-0.0317165
0.374512
0.0928045
0.155088
0.106618
0.0923637
0.0878096
0.178254
0.0461969
-0.0126154
0.00711851
-0.0903437
0.0917717
0.212017
0.0467693
0.112826
0.221403
0.142641
0.176087
-0.0299709
-0
4.34886
0.214758
0.168261
0.107278
0.0275227
0.267567
0.218155
-0.0435684
0.0113349
0
-56.939
-0.0549865
0.257801
0.120165
0.340404
0.256665
0.0922529
2.95457
0
0
-0.032327
0.277032
0.214631
0.0793611
-0.0555688
-0.0295756
0.0812912
0.461162
0
0
5.29846
-0.0521049
0.16643
0.308033
0.255052
0.478252
-0.0343726
-0.000487043
0
