0.198169
0.351539
0.20255
0.180245
0.227712
0.220921
0.180121
0.203856
0.344429
0.202745
0.0558075
0.326246
0.216556
0.183323
0.281888
0.288734
0.185831
0.206614
0.324967
0.0524721
1.23133
0.858725
0.354615
0.363822
0.336134
0.351808
0.358123
0.386668
0.642695
1.6717
1.04167
0.741311
0.300155
0.400431
0.230494
0.234368
0.359662
0.350061
0.995235
1.48243
1.65852
1.37617
0.407799
0.328031
0.191863
0.299699
0.330566
0.449628
0.849089
0.396693
4.57201
2.06879
0.578589
0.427521
0.177871
0.229414
0.445776
0.44484
1.62104
0
0
1.75279
0.509644
0.533705
0.202835
0.0365196
0.200943
0.396203
0.986684
0
0
1.2416
0.692706
0.432962
0.209111
0.175377
0.415597
0.640678
1.52292
0
65.2434
1.43516
0.535418
0.146209
0.203597
0.16234
0.45707
0.263945
1.58843
0
0
0.604347
0.381846
0.313679
0.0721149
0.235644
0.280153
0.416769
0.662888
1.84054
