0.465021
0.0974945
0.0867445
0.0407223
0.0509309
0.0316624
0.0607464
0.0709672
0.134393
0.446568
0.351765
0.0659689
0.0359304
0.0282443
0.0256629
0.0277004
0.018851
0.0451812
0.0750172
0.317311
0.3385
0.0362555
0.0579366
0.0194044
0.0200388
0.0188905
0.0164392
0.0349031
0.0461645
0.171982
0.24149
0.0491649
0.0204924
0.0190649
0.00871389
0.0172264
0.0213313
0.00662292
0.0977275
0.288193
1.8438
0.0263499
0.0315941
0.0511334
0.0187037
0.0266379
0.0305215
0.023308
0.113598
0.180323
-0.0533625
0.136881
0.112912
0.0385324
0.0341826
0.0150253
0.0896165
0.0672297
0.0375249
0.661448
-0.0120828
-0.0261297
0.0439166
0.129771
0.0558463
0.0557983
0.0475061
0.0775393
0.150983
0.9806
0
-0.0394005
-0.0195661
0.148557
0.178711
0.0807147
-0.00670455
0.350804
30.9103
0
0
-0.00149936
0.164096
0.130673
0.147232
0.115604
0.0504336
0.650638
-0.0336925
0
0
-0.00775636
0.981945
0.217857
-0.016853
-0.0155629
0.313555
0.655637
0
0
