2.13335
0.585459
0.660188
0.513283
0.453676
0.472025
0.490487
0.625936
0.623449
2.18848
1.37303
0.372344
0.363275
0.299058
0.273323
0.293268
0.281502
0.438677
0.426015
1.64593
1.34304
0.255808
0.253085
0.207479
0.287796
0.249376
0.223093
0.254739
0.266525
1.33017
1.21698
0.320895
0.308356
0.247393
0.384575
0.288528
0.315265
0.245877
0.4137
1.25962
0
0.59785
0.56092
0.459651
0.46134
0.317299
0.431091
0.681939
0.126579
0
0
4.74762
0.809712
0.46153
0.6026
0.616413
0.565695
1.14895
2.56551
4.02609
0
0
4.12995
0.211539
1.53156
0.705386
2.27816
2.05119
1.4281
0
0
0.468962
3.35703
0
0.650784
1.24589
0
1.415
0
0
0
4.88131
6.49254
0
0.953305
3.70848
0.914241
4.80186
0
0
0
0
9.06346
5.98335
1.31788
1.82159
1.47406
0.56032
0
0
