0.181674
0.0425883
0.0390801
0.0198118
0.0229893
0.0147778
0.027171
0.032802
0.0553137
0.196344
0.138224
0.0326282
0.0171557
0.0146032
0.0131063
0.0139953
0.00963294
0.0228795
0.0355259
0.129008
0.106582
0.0166178
0.0295615
0.0101961
0.0102497
0.0094631
0.00836618
0.0180568
0.0235881
0.0727738
0.0766884
0.0213363
0.0109597
0.00984565
0.00404438
0.00920984
0.0104952
0.00355708
0.0406762
0.0839762
0.205326
0.0123979
0.0165777
0.0251327
0.00923361
0.0138932
0.0171351
0.0111366
0.0626741
0.103393
-0.0106923
0.0548672
0.0506106
0.0180373
0.0153291
0.0076334
0.0467339
0.0287437
0.0210683
0.329859
-0.00404225
-0.00871217
0.0146329
0.0687585
0.0282347
0.0270433
0.0225756
0.0354252
0.0685749
0.4903
-0.0463186
-0.00984635
-0.0107668
0.0860321
0.0828544
0.0264554
-0.00306711
0.175705
-0.0404116
0.350713
0.424574
-0.0010695
0.0509338
0.0629687
0.059931
0.0236037
0.0266963
0.325106
-0.0225913
-0.0242664
0
-0.00390108
0.3665
0.0965378
-0.00969934
-0.00751645
0.188563
0.329302
-0.014968
-0
