0.120921
0.229802
0.124713
0.129566
0.158179
0.181389
0.140659
0.127884
0.253287
0.110379
0.0226436
0.143712
0.13346
0.102459
0.145181
0.131365
0.0988889
0.120883
0.143801
0.0333771
0.921144
0.279627
0.0906633
0.117791
0.0737236
0.0735527
0.0979674
0.0802162
0.126308
0.396183
-0.0177946
0.285237
0.124129
0.106828
0.0340079
0.0803335
0.105141
0.134585
0.0132443
-0.0121219
-0.0238292
0.439406
0.0678443
0.118013
0.0719806
0.076764
0.0618553
0.131787
0.0927616
-0.0239328
0
-0.094897
0.10405
0.15692
0.0360507
0.0925064
0.258187
0.139629
0.127912
-0.0473952
-0
-0.274289
0.210992
0.140751
0.0554477
0.0152207
0.122358
0.209358
-0.0520958
0.0119521
0
0.938911
-0.04818
0.256441
0.0946147
0.277446
0.291547
0.0815951
2.92834
0
0
-0.035761
0.153441
0.119954
0.0632848
-0.0447708
-0.025118
0.0824097
0.455718
0
0
3.97396
-0.0781035
0.161936
0.12173
0.307126
0.229539
-0.202146
-0.000170646
0
