0.195299
0.0495331
0.0401547
0.019122
0.0228141
0.0150549
0.0290058
0.0361055
0.0540587
0.213348
0.169069
0.0296395
0.0195073
0.0149288
0.0135897
0.0127387
0.00976263
0.0235206
0.0380732
0.138001
0.112912
0.0178727
0.0310319
0.0112097
0.0109675
0.0110365
0.00605691
0.0162276
0.0286959
0.0965407
0.0317499
0.0229952
0.00845016
0.00648161
0.00435652
0.0101251
0.0110417
0.000777847
0.045626
0.111614
0.209237
0.0117523
0.0174821
0.0241776
0.00671441
0.0188715
0.0185238
0.0196055
0.0657863
0.125259
-0.0137771
0.0227215
0.0268352
0.0196993
0.0166027
0.00784701
0.0519964
0.0467219
0.0239323
0.195228
-0.00306345
-0.00792299
-0.00872844
0.0721371
0.0208977
0.0289445
0.0280525
-0.00764532
0.0784405
0.490841
-0.0455446
0.111555
-0.0116754
0.118585
0.0887116
0.0307767
-0.00343978
0.156986
-0.0335934
0.00335475
1.0065
-1.03715e-05
0.0513288
0.0364008
0.110646
0.0277104
0.0313987
0.186046
-0.101277
-0.0274798
0
-0.0030589
0.275883
0.0945503
-0.00917039
-0.00695961
0.120783
0.664613
-0.0273599
0
