0.122959
0.0303103
0.0268797
0.0121261
0.0149299
0.00963175
0.0186645
0.0233717
0.0386351
0.13978
0.0990279
0.0221024
0.01151
0.00894612
0.00845053
0.0084315
0.00585726
0.0142295
0.0235719
0.0846443
0.0787295
0.0107461
0.0191763
0.00659434
0.0065869
0.00651276
0.00460762
0.0111613
0.0175903
0.0643644
0.0485241
0.0143066
0.00520027
0.00506429
0.0025895
0.00696122
0.00644317
0.00239907
0.0275913
0.0668859
0.157007
0.00748951
0.0109946
0.0142962
0.00380153
0.0112217
0.0109528
0.0115928
0.0358044
0.0623884
-0.00788296
0.0141428
0.0246092
0.0100942
0.0104922
0.0048911
0.030558
0.0373415
0.0144428
0.121989
-0.00229583
-0.00540598
0.0105888
0.0460319
0.0133627
0.0203642
0.0170345
-0.0045904
0.0355922
0.327227
-0.0463982
0.0495419
-0.00808105
0.0748383
0.0573096
0.0177657
-0.0018956
0.0783721
-0.00775619
0.00335475
1.0065
-6.47785e-06
0.0372928
0.0209498
0.0680183
0.0173079
0.0227606
0.193214
-0.025203
-0.0274798
0
-0.0030589
0.21379
0.0472266
-0.00549617
-0.00457417
0.072532
0.198705
-0.0109943
-0
