0.323152
0.0859207
0.0765032
0.0378944
0.0419968
0.0283627
0.0528631
0.0678416
0.0972372
0.434801
0.284402
0.0653598
0.0361795
0.0306371
0.0282062
0.0278078
0.0201789
0.0483289
0.0727384
0.260123
0.197956
0.0312117
0.0621639
0.0226315
0.0214284
0.0210724
0.015553
0.0384486
0.0548051
0.166377
0.113114
0.0374194
0.0180369
0.0166736
0.00761874
0.0240666
0.0209046
0.00846482
0.0754354
0.143314
0.235422
0.0231445
0.0377106
0.044617
0.0125729
0.0380218
0.0413058
0.0368222
0.139188
0.251297
-0.0183694
0.0373985
0.0714627
0.0353632
0.0306743
0.0155254
0.103216
0.101243
0.0465316
0.486287
-0.00460223
-0.0118881
0.0248371
0.151148
0.0440672
0.0554354
0.0492855
-0.0139548
0.130612
0.981682
-0.0455446
0.127533
-0.0233988
0.286675
0.172056
0.0409839
-0.00578968
0.256815
-0.0502364
0.00335475
1.0065
-5.22425e-05
0.0744612
0.0629017
0.189678
0.0345044
0.0699866
0.967857
10.9877
-0.0274798
0
-0.00460249
0.383804
0.169604
-0.0198021
-0.0124423
0.363465
2.03781
-0.0273599
0
