0.00901634
0.00450946
0.00289691
0.00328696
0.00234366
0.00284169
0.00330516
0.00306379
0.00476521
0.0133644
0.006831
0.00313047
0.00242425
0.00215176
0.00238568
0.00197149
0.00188243
0.00231829
0.00320863
0.00999036
0.00342571
0.00335514
0.0014361
0.00187083
0.00133246
0.00135901
0.00167937
0.00127412
0.00134022
0.00350939
-0.000147385
0.00312186
0.0017958
0.0015127
0.00072925
0.00182092
0.00172029
0.00227696
0.000162954
-8.14399e-05
-0.000222176
0.00148167
0.00145294
0.00137282
0.0015987
0.00156428
0.0012508
0.00227728
0.000266693
-8.65331e-05
8.69737e-05
-0.000251604
0.00140849
0.00165256
0.000437251
0.00120729
0.0021756
0.00183437
0.000636192
-0.000280632
0
-0.000250391
0.00213941
0.0016822
0.00143238
0.000277217
0.00279902
0.00276103
-0.000176369
0.000180166
0
0.00162457
-0.00024487
0.00229392
0.00121979
0.00358629
0.0015026
0.000997033
0.00559975
0
0
-8.82371e-05
0.00118936
0.000992405
0.000856723
-0.000312738
-0.000105254
0.00131357
0.00242332
0.000320713
0.000541325
-0.000174489
-0.000198658
0.00134962
0.00282587
0.00402663
0.00149356
-0.00021623
-1.58597e-06
-0.000901206
