0.243601
0.0506857
0.0433779
0.0182762
0.0238454
0.0149517
0.0297732
0.0370916
0.068106
0.266323
0.176537
0.034286
0.0174929
0.0128498
0.0122995
0.0123118
0.00843079
0.0207094
0.0362497
0.153832
0.169135
0.016583
0.0284645
0.00945074
0.00957941
0.00954563
0.00661768
0.0161872
0.0263799
0.117758
0.106236
0.0233304
0.00746249
0.00735165
0.00396436
0.00989007
0.00943491
0.00341194
0.0445199
0.201091
0.470293
0.0115755
0.015796
0.0214648
0.00557526
0.0163177
0.0153242
0.0177992
0.0495281
0.0932953
-0.0275542
0.0244648
0.0390721
0.0146393
0.0168307
0.00728572
0.0448858
0.0615434
0.0220382
0.195584
-0.00458113
-0.010812
0.0215351
0.0670608
0.0201215
0.0343188
0.0267998
-0.00713864
0.0488961
0.490841
2.47555
0.0891209
-0.0123376
0.10557
0.0914728
0.0338197
-0.00288992
0.122497
-0.0100753
0
0
-8.64042e-06
0.074648
0.0345758
0.115159
0.0365343
0.0350059
0.241406
-0.0334502
0
0
-0.0091207
0.480398
0.0709481
-0.00855981
-0.00723893
0.100663
0.247695
-0.0554804
0
