1.38403
0.363874
0.358138
0.302833
0.268351
0.27847
0.272636
0.353258
0.396845
1.31635
0.750163
0.219789
0.197283
0.146633
0.158792
0.162956
0.20381
0.184868
0.257891
0.966697
0.609635
0.0775892
0.15933
0.0610085
0.149449
0.112123
0.0980468
0.132056
0.0983933
0.595221
0
0.0373581
0.00126064
0.0472634
0.159624
0.107621
0.113833
0.0587388
0.104309
0.482629
0
0.280711
0.169923
0.146821
0.0870643
0.00606298
0.203648
0.141846
0
0
0
0.560929
0.031928
0.0800991
0.0400426
0.130989
0.170222
0
0.0930211
2.02599
0
0
0.176283
0
0.230384
0
0.135981
0.42842
0
0
0
0
0.343161
0
0
0
0
0.277408
0
0
0
0.858742
0
0
0
0.149109
0
0
3587.81
0
3537.97
0
5.07321
1.9274
0
0.576225
0.355351
0
0.398641
0
