0.354746
0.082936
0.0749453
0.0398972
0.0429829
0.028509
0.0505576
0.0635704
0.0989703
0.46693
0.270601
0.0666128
0.0343952
0.0309416
0.0273978
0.0289604
0.0202576
0.0479873
0.0710683
0.270915
0.198424
0.0313638
0.0621854
0.0219591
0.0211333
0.0191337
0.016921
0.0397739
0.048836
0.130466
0.120389
0.0381386
0.0243763
0.0206849
0.00761247
0.0201201
0.0209935
0.00783657
0.0723592
0.144008
0.230805
0.0255408
0.035792
0.0511311
0.0188088
0.0298474
0.0405239
0.0227011
0.145413
0.241597
-0.0177875
0.0967909
0.0939381
0.0358281
0.0302487
0.0156779
0.102157
0.054494
0.0508319
0.986998
-0.00607441
-0.014263
0.0253165
0.145892
0.0611661
0.0558344
0.0451747
0.0678369
0.125557
0.9806
-0.0463186
-0.0131268
-0.0239408
0.21531
0.173301
0.0411841
-0.00596363
0.350906
-0.0400607
0.350713
0.424574
-0.00749679
0.0738587
0.130937
0.100939
0.0310064
0.0604428
0.649785
6.64539
-0.0242664
0
-0.00784853
0.583241
0.173356
-0.0228502
-0.0145587
0.472208
0.995219
-0.0224097
0
