0.120988
0.229868
0.124857
0.129639
0.157706
0.181489
0.140784
0.12795
0.253411
0.11039
0.0226431
0.144225
0.133906
0.10295
0.145798
0.131859
0.0994238
0.121344
0.144184
0.0334155
0.939681
0.282411
0.0918884
0.119113
0.0747304
0.0749609
0.0992664
0.0817253
0.128634
0.397066
-0.0136881
0.28966
0.125793
0.108728
0.0360746
0.0822325
0.107365
0.136499
0.0202578
-0.0092856
-0.0183301
0.45347
0.0706557
0.11963
0.0748397
0.0795691
0.0643106
0.135044
0.104398
-0.0183586
0
-0.0729982
0.106417
0.164698
0.043685
0.0968064
0.262275
0.142925
0.144702
-0.0364578
-0
-0.208577
0.215592
0.142888
0.0591441
0.0238958
0.125602
0.213508
-0.039963
0.00919393
0
0.95327
-0.0369417
0.266577
0.103616
0.281302
0.30134
0.0837535
2.94488
0
0
-0.0275081
0.164245
0.130784
0.0696971
-0.03433
-0.0192269
0.0864765
0.46589
0
0
3.97396
-0.059913
0.170818
0.126638
0.313217
0.234315
-0.153253
-0.000131267
0
