0.579743
0.167197
0.152241
0.125616
0.115272
0.109927
0.118622
0.147951
0.172312
0.596742
0.454379
0.119014
0.101586
0.0833543
0.076648
0.0824901
0.0761634
0.0941601
0.135327
0.539098
0.582438
0.0486806
0.096576
0.0439442
0.0748008
0.0529244
0.0604575
0.0765009
0.0633347
0.315925
0
0.0212847
0.000784101
0.0309028
0.0836191
0.0431422
0.0646293
0.0366168
0.0839042
0.384157
0
0.129861
0.114927
0.104823
0.0492137
0.00347455
0.166567
0.0999409
0
17.3147
0
0.17503
0.0185405
0.0523374
0.0395389
0.0801628
0.139308
0
0.0765335
0.404658
0
0
0.251082
0
0.135948
0
0.0687219
0.241971
0
0.153554
11.2664
0
0.129901
0
0
0
0
0.186873
0
73.7123
145.414
0.442868
0.510226
0
0
0.153337
0
0
270.469
14.1928
32.76
80.5691
2.58138
1.96123
0
0.621822
0.365715
0
0
0
