345099 1982.0 0.0033537
345100 108.850 0.067611
364100 1982.3 0.82217
364101 1982.1 0.11358
364102 1981.0 0.066014
364103 108.99 0.68978
364104 108.91 0.20029
364105 108.980 0.11768
364106 39.884 0.5931
364107 39.843 0.23534
364108 39.891 0.15623
364109 8.526  0.56023
364110 8.519 0.26629
364111 8.530 0.17674
364112 1.787 1.0
364113 0.1476 1.0 
364114 1982.6 0.82116
364115 1981.7 0.11396
364116 1981.8 0.065759
364117 110.710 0.69430
364118 110.45 0.19072
364119 110.50 0.11896
364120 40.651 0.61616
364121 40.680 0.23291
364122 40.679 0.15337
364123 8.672 0.56877
364124 8.668 0.26623
364125 8.682 0.17656
364126 1.809 1.0
364127 0.149 1.0
364128 1981.8 0.82145
364129 1981.7 0.10956
364130 1982.0 0.065759
364131 110.610 0.69266
364132 110.56 0.19023
364133 110.62 0.11805
364134 40.79 0.61791
364135 40.716 0.23429
364136 40.739 0.15598
364137 8.644 0.56340
364138 8.676 0.26523
364139 8.679 0.17627
364140 1.808 1.0
364141 0.148 1.0
